Метод половинного деления:
N  | |a             | |b             | |b - a        | |
0  | |-3.0000000000 | |1.0000000000  | |4.0000000000 | |
1  | |-3.0000000000 | |-1.0000000000 | |2.0000000000 | |
2  | |-2.0000000000 | |-1.0000000000 | |1.0000000000 | |
3  | |-1.5000000000 | |-1.0000000000 | |0.5000000000 | |
4  | |-1.5000000000 | |-1.2500000000 | |0.2500000000 | |
5  | |-1.3750000000 | |-1.2500000000 | |0.1250000000 | |
6  | |-1.3125000000 | |-1.2500000000 | |0.0625000000 | |
7  | |-1.3125000000 | |-1.2812500000 | |0.0312500000 | |
8  | |-1.3125000000 | |-1.2968750000 | |0.0156250000 | |
9  | |-1.3125000000 | |-1.3046875000 | |0.0078125000 | |
10 | |-1.3125000000 | |-1.3085937500 | |0.0039062500 | |
11 | |-1.3125000000 | |-1.3105468750 | |0.0019531250 | |
12 | |-1.3125000000 | |-1.3115234375 | |0.0009765625 | |
13 | |-1.3120117188 | |-1.3115234375 | |0.0004882812 | |
14 | |-1.3120117188 | |-1.3117675781 | |0.0002441406 | |
15 | |-1.3118896484 | |-1.3117675781 | |0.0001220703 | |

Корень: -1.31182861328125
---------------------------------------------------------------
Метод Ньютона:
N | |x_null        | |x_1           | |x_1 - x_null  | |
0 | |-2.0000000000 | |26.2382528501 | |28.2382528501 | |
1 | |26.2382528501 | |12.0975122575 | |14.1407405926 | |
2 | |12.0975122575 | |-0.6049725482 | |12.7024848057 | |
3 | |-0.6049725482 | |-1.0523843054 | |0.4474117572  | |
4 | |-1.0523843054 | |-1.2550848616 | |0.2027005562  | |
5 | |-1.2550848616 | |-1.3081653555 | |0.0530804939  | |
6 | |-1.3081653555 | |-1.3118066536 | |0.0036412981  | |

Корень: -1.3118066536040696
---------------------------------------------------------------
Метод простых итераций:
N  | |x_null        | |x_1           | |x_1 - x_null | |
0  | |-2.0000000000 | |-1.9292627983 | |0.0707372017 | |
1  | |-1.9292627983 | |-1.8589385256 | |0.0703242727 | |
2  | |-1.8589385256 | |-1.7897234740 | |0.0692150517 | |
3  | |-1.7897234740 | |-1.7226134396 | |0.0671100343 | |
4  | |-1.7226134396 | |-1.6588097039 | |0.0638037357 | |
5  | |-1.6588097039 | |-1.5995694866 | |0.0592402173 | |
6  | |-1.5995694866 | |-1.5460202439 | |0.0535492427 | |
7  | |-1.5460202439 | |-1.4989807687 | |0.0470394752 | |
8  | |-1.4989807687 | |-1.4588403214 | |0.0401404473 | |
9  | |-1.4588403214 | |-1.4255304008 | |0.0333099205 | |
10 | |-1.4255304008 | |-1.3985890814 | |0.0269413195 | |
11 | |-1.3985890814 | |-1.3772854403 | |0.0213036411 | |
12 | |-1.3772854403 | |-1.3607589892 | |0.0165264511 | |
13 | |-1.3607589892 | |-1.3481379140 | |0.0126210752 | |
14 | |-1.3481379140 | |-1.3386190504 | |0.0095188636 | |
15 | |-1.3386190504 | |-1.3315094963 | |0.0071095541 | |
16 | |-1.3315094963 | |-1.3262389131 | |0.0052705832 | |
17 | |-1.3262389131 | |-1.3223535957 | |0.0038853173 | |
18 | |-1.3223535957 | |-1.3195015024 | |0.0028520934 | |
19 | |-1.3195015024 | |-1.3174144030 | |0.0020870993 | |
20 | |-1.3174144030 | |-1.3158906268 | |0.0015237762 | |
21 | |-1.3158906268 | |-1.3147800104 | |0.0011106164 | |
22 | |-1.3147800104 | |-1.3139715311 | |0.0008084793 | |
23 | |-1.3139715311 | |-1.3133835263 | |0.0005880048 | |
24 | |-1.3133835263 | |-1.3129561538 | |0.0004273724 | |
25 | |-1.3129561538 | |-1.3126456809 | |0.0003104729 | |
26 | |-1.3126456809 | |-1.3124202107 | |0.0002254702 | |
27 | |-1.3124202107 | |-1.3122565122 | |0.0001636985 | |
28 | |-1.3122565122 | |-1.3121376839 | |0.0001188283 | |

Корень: -1.3121376839466885
---------------------------------------------------------------
