Метод половинного деления:
N                   a                   b               b - a
0                  -3                   1                   4
1                  -3                  -1                   2
2                  -2                  -1                   1
3                -1.5                  -1                 0.5
4                -1.5               -1.25                0.25
5              -1.375               -1.25               0.125
6             -1.3125               -1.25              0.0625
7             -1.3125            -1.28125             0.03125
8             -1.3125            -1.29688            0.015625
9             -1.3125            -1.30469           0.0078125
10             -1.3125            -1.30859          0.00390625
11             -1.3125            -1.31055          0.00195312
12             -1.3125            -1.31152         0.000976562
13            -1.31201            -1.31152         0.000488281
14            -1.31201            -1.31177         0.000244141
15            -1.31189            -1.31177          0.00012207

Корень: -1.31183
---------------------------------------------------------------
Метод Ньютона:
N              x_null                 x_1        x_1 - x_null
0                  -2             26.2383             28.2383
1             26.2383             12.0975             14.1407
2             12.0975           -0.604973             12.7025
3           -0.604973            -1.05238            0.447412
4            -1.05238            -1.25508            0.202701
5            -1.25508            -1.30817           0.0530805
6            -1.30817            -1.31181           0.0036413

Корень: -1.31181
---------------------------------------------------------------
Метод простых итераций:
N              x_null                 x_1        x_1 - x_null
0                  -2            -1.92926           0.0707372
1            -1.92926            -1.85894           0.0703243
2            -1.85894            -1.78972           0.0692151
3            -1.78972            -1.72261             0.06711
4            -1.72261            -1.65881           0.0638037
5            -1.65881            -1.59957           0.0592402
6            -1.59957            -1.54602           0.0535492
7            -1.54602            -1.49898           0.0470395
8            -1.49898            -1.45884           0.0401404
9            -1.45884            -1.42553           0.0333099
10            -1.42553            -1.39859           0.0269413
11            -1.39859            -1.37729           0.0213036
12            -1.37729            -1.36076           0.0165265
13            -1.36076            -1.34814           0.0126211
14            -1.34814            -1.33862          0.00951886
15            -1.33862            -1.33151          0.00710955
16            -1.33151            -1.32624          0.00527058
17            -1.32624            -1.32235          0.00388532
18            -1.32235             -1.3195          0.00285209
19             -1.3195            -1.31741           0.0020871
20            -1.31741            -1.31589          0.00152378
21            -1.31589            -1.31478          0.00111062
22            -1.31478            -1.31397         0.000808479
23            -1.31397            -1.31338         0.000588005
24            -1.31338            -1.31296         0.000427372
25            -1.31296            -1.31265         0.000310473
26            -1.31265            -1.31242          0.00022547
27            -1.31242            -1.31226         0.000163698
28            -1.31226            -1.31214         0.000118828

Корень: -1.31214
---------------------------------------------------------------
